100 100 200
1 34
25 93
93 38
60 11
8 97
63 14
3 97
43 3
20 7
35 41
8 50
49 12
80 78
32 2
90 89
31 74
95 28
85 25
9 77
1 45
3 62
17 85
99 63
19 3
58 42
49 58
40 38
30 57
98 69
96 8
95 6
68 41
75 28
73 41
38 53
84 74
76 31
55 64
31 87
0 30
55 56
7 84
91 55
6 60
4 68
34 20
32 71
55 20
12 50
59 81
87 91
4 98
35 26
25 86
94 76
75 42
66 6
72 77
74 62
24 83
61 72
1 68
9 55
69 21
34 25
51 67
38 44
54 1
61 81
57 49
22 86
93 20
99 52
56 79
75 58
6 55
61 56
74 64
75 82
90 38
50 8
3 27
91 96
89 93
41 15
40 1
34 75
78 33
42 84
65 60
90 49
56 10
60 37
54 24
18 58
7 74
17 87
25 62
71 76
95 4
7 56
64 18
87 34
88 68
61 24
70 48
18 1
16 17
21 89
64 59
96 0
68 68
18 78
92 33
9 69
84 15
10 0
19 21
90 14
48 69
73 78
86 13
91 88
68 27
42 18
88 88
15 41
14 35
78 9
32 66
0 34
82 89
60 10
58 61
21 98
27 80
48 85
89 46
30 63
0 9
92 13
93 69
35 78
83 72
54 66
70 18
11 53
67 54
13 46
55 28
36 15
85 23
23 55
3 63
7 69
53 11
79 41
57 35
26 15
66 61
47 13
3 76
20 57
12 44
3 20
36 49
43 54
49 95
60 78
82 18
5 22
33 97
87 4
17 19
6 40
81 60
45 3
80 68
78 30
66 62
54 7
2 57
35 6
89 8
50 44
74 49
63 73
93 31
42 19
18 14
39 18
97 68
69 84
83 76
88 23
86 38
27 8
57 72
8 80
35 5
